Name of .txt file:		Mean					STD
backtracking_n=2.txt	0.19485906362533054		1.000070612125205
backtracking_n=3.txt	0.20071206569671612		1.0000455350955453
backtracking_n=4.txt	0.4338124465942375		48.49864898614213
dlx_n=2.txt				0.23722641229629457		1.0000865554116074
dlx_n=3.txt				0.25547178030008966		1.0001057599802343
dlx_n=4.txt				0.344877548217773		1.0002164001850244
sat_n=2.txt				0.22712973594665453		1.0000431509752836
sat_n=3.txt				0.28176964521403064		1.0002792758597727
sat_n=4.txt				20.888157219886754		3.1618106226059456e+46
